0.29015860352225964 0.419735241372278
0.4781133430335732 0.7405623553528939
0.9848661797595653 0.5083654566922852
0.6731002888234762 0.7315726399359829
0.6156224084479943 0.9132857529376088
0.4941651295107157 0.687367561014854
0.18367710110896396 0.06040106471777462
0.5710470101423776 0.07416451259787993
0.5118786228686096 0.7560695680553299
0.21971568833051647 0.7104154900406005
0.9632272863894151 0.34849751089759495
0.5884772623890816 0.5430914012693457
0.3343871271330744 0.7393886724270906
0.31156863488311626 0.8864333079692405
0.30012905494086783 0.5499184972325046
0.9241275056257557 0.710913033488297
0.0526759193889621 0.7422007704046206
0.28560787535313636 0.11077485202195958
0.6822262214763757 0.5889965355862331
0.44422718762703517 0.9581150217770147
0.9003487387315599 0.6662279347249711
0.26523312366653995 0.5432007582468243
0.21769434231128126 0.29293398554900263
0.5092338635519171 0.5487867306720317
0.6186802013854225 0.7850996582026956
0.9282185938053719 0.9721407806385938
0.52254880506416 0.8441765402876709
0.20851771559129784 0.08000509591116411
0.40653337580640936 0.7924661934751668
0.6244093882026989 0.9360052865450791
0.1259657370354078 0.7497959442820672
0.5482297633721431 0.43276995915281646
0.05152191365766379 0.05976800610909039
0.8683986647089508 0.6133355524797838
0.5065159784694147 0.39552398027624425
0.8595103086711581 0.41429897620464784
0.5810635077203645 0.1075546888666532
0.023090590690838075 0.06008989946796883
0.250234514186515 0.008657375195633032
0.04931341141752765 0.8898902237590175
0.5290550548979213 0.11776415014016539
0.6034009252807396 0.32922269883085886
0.5009374735703994 0.836427547940518
0.41459646217934065 0.41129001093934026
0.8453627469695819 0.6791666105281697
0.7949780532092534 0.5810754420890734
0.7581689279977478 0.8413877887374641
0.4506130455513139 0.3821735720975935
0.25681327566532164 0.42023594453264546
0.5864310533025929 0.8361218165552253
0.8818489545428 0.751358444019747
0.6024709109525394 0.6470363235535959
0.9275711249983998 0.31301520753370926
0.8503112106481987 0.4571459192950542
0.06465278972959809 0.6115093439223204
0.1673138720262699 0.35509914019963285
0.2893657473660953 0.8358075990540639
0.7033658044693448 0.06882044923789754
0.5811745050455502 0.3735549678692919
0.6160265865355459 0.6095265845576795
0.006983742682707517 0.21154686275669543
0.6570024391208802 0.9871914542273061
0.9040532786359928 0.5706435602675859
0.11578338540253452 0.7813498789079529
0.5962758818923672 0.9532546042281781
0.24566265161160794 0.45686227599444107
0.2590624360166437 0.98350647429857
0.1271048795497529 0.43257100683765226
0.5867456825094686 0.6076310259778626
0.6174727630135204 0.6816571261235215
0.42579061634942517 0.6174296290307278
0.8001486707210871 0.23751736304296256
0.6285509109295446 0.039315477490748374
0.40277793926241334 0.17099260246229164
0.45789646404504536 0.5734641019594768
0.6234479538268372 0.22552329897855594
0.45864508154684547 0.5380936692543046
0.22773371960061173 0.8194842906913342
0.22884674380805936 0.1499427693527835
0.7553252314590392 0.3953174061001823
0.32962377493819817 0.2811174898051144
0.8961734591342275 0.07244543638211487
0.43439177548469776 0.2519544074366904
0.7908503580824204 0.9300389171954749
0.5313687414376855 0.82732954182709
0.9484365037406827 0.594534802062767
0.4959738544184814 0.6575768658252232
0.8882226664469818 0.8294323337241141
0.4360396218901097 0.13475335782246534
0.9258164608807542 0.8657868934371625
0.5915526635996128 0.02243588684193276
0.9660549872516636 0.00015229608907108005
0.3542418698604708 0.18826591021065475
0.22905533144140255 0.4797942770247864
0.09062115838973739 0.4194721674145785
0.4165471925460119 0.04809690419234547
0.9108419701326083 0.6230766798205579
0.7242382293796281 0.1386146429829087
0.8684361139018952 0.5530680384134041
0.6382868697714288 0.6804308786266917